
created_at: 2025-05-31 17:57:08
instance_name: inst_17
objective_upper_bound: 263.77
objective_lower_bound: 263.77
runtime: 0.6719999313354492
relative_gap: 0.00
node_count: 1.0
routes: (0, 5) (1, 6) (2, 4) (3, 12) (4, 7) (5, 15) (6, 8) (7, 16) (8, 14) (9, 2) (10, 1) (11, 13) (12, 10) (13, 9) (14, 17) (15, 11) (16, 3)
arrival_times: 0.00 1068.00 467.00 807.00 511.33 115.00 1132.65 653.00 1222.63 380.05 994.00 257.00 890.47 330.00 1280.64 196.00 688.00 1330.00
delay_times: 0.00 0.00 0.00 0.00 64.33 0.00 2.65 0.00 111.63 50.05 0.00 0.00 13.47 0.00 21.64 0.00 0.00 0.00
