
created_at: 2025-05-31 17:57:08
instance_name: inst_15
objective_upper_bound: 382.83
objective_lower_bound: 382.83
runtime: 0.937000036239624
relative_gap: 0.00
node_count: 88.0
routes: (0, 8) (1, 10) (2, 6) (3, 12) (4, 7) (5, 4) (6, 1) (7, 13) (8, 11) (9, 3) (10, 14) (11, 9) (12, 5) (13, 2)
arrival_times: 0.00 1001.83 927.60 295.00 712.00 533.00 952.82 794.22 36.67 200.01 1085.00 112.90 406.00 844.78 1163.00
delay_times: 0.00 130.83 103.60 0.00 0.00 0.00 28.82 24.22 18.67 49.01 0.00 9.90 0.00 17.78 0.00
