
Dia e Hora do Processamento: 2025-05-31 18:57:07
Instancia: inst_22

RESULTADO A:

Limite superior da funcao objetivo: 363.00
Limite inferior da funcao objetivo: 363.00
Tempo total de processamento: 0.9190001487731934
Gap Relativo: 0.00
Contagem de Nos: 1708.0
Rotas: (0, 13) (1, 6) (2, 16) (3, 2) (4, 8) (5, 9) (6, 14) (7, 22) (8, 19) (9, 5) (10, 21) (11, 4) (12, 1) (13, 20) (14, 7) (15, 3) (16, 11) (17, 12) (18, 17) (19, 18) (20, 15) (21, 10)
Horarios de Chegada: 0.00 1233.00 252.96 170.20 444.00 1099.00 1716.00 1769.00 357.00 1114.00 177.00 336.00 1118.00 65.52 1780.32 64.00 208.00 917.00 934.00 669.00 103.00 115.00 1791.00
Tempos de Atraso (compacto): 0.00 0.00 145.96 70.20 0.00 0.00 0.00 0.00 0.00 0.00 0.00 0.00 0.00 43.52 103.32 0.00 0.00 0.00 0.00 0.00 0.00 0.00 0.00

+---------------------+----------------+------------------+
|   RESULTADO REFERENTE AO EXERCICIO 1 - ALTERNATIVA A   |
+----------------+--------------------+-------------------+
| PONTO DA ROTA  | HORA DE CHEGADA    | TEMPO DE ATRASO   |
+----------------+--------------------+-------------------+
|    (0, 13)     |        0.00        |       0.00        |
|     (1, 6)     |      1233.00       |       0.00        |
|    (2, 16)     |       252.96       |      145.96       |
|     (3, 2)     |       170.20       |       70.20       |
|     (4, 8)     |       444.00       |       0.00        |
|     (5, 9)     |      1099.00       |       0.00        |
|    (6, 14)     |      1716.00       |       0.00        |
|    (7, 22)     |      1769.00       |       0.00        |
|    (8, 19)     |       357.00       |       0.00        |
|     (9, 5)     |      1114.00       |       0.00        |
|    (10, 21)    |       177.00       |       0.00        |
|    (11, 4)     |       336.00       |       0.00        |
|    (12, 1)     |      1118.00       |       0.00        |
|    (13, 20)    |       65.52        |       43.52       |
|    (14, 7)     |      1780.32       |      103.32       |
|    (15, 3)     |       64.00        |       0.00        |
|    (16, 11)    |       208.00       |       0.00        |
|    (17, 12)    |       917.00       |       0.00        |
|    (18, 17)    |       934.00       |       0.00        |
|    (19, 18)    |       669.00       |       0.00        |
|    (20, 15)    |       103.00       |       0.00        |
|    (21, 10)    |       115.00       |       0.00        |
+----------------+--------------------+-------------------+

RESULTADO B:

Limite superior da funcao objetivo: 297.98
Limite inferior da funcao objetivo: 297.98
Tempo total de processamento: 1.8910000324249268
Gap Relativo: 0.00
Contagem de Nos: 9458.0
Rotas: (0, 13) (1, 14) (2, 20) (3, 2) (4, 19) (5, 9) (6, 7) (7, 22) (8, 11) (9, 12) (10, 16) (11, 4) (12, 1) (13, 3) (14, 6) (15, 21) (16, 8) (17, 5) (18, 17) (19, 18) (20, 15) (21, 10)
Horarios de Chegada: 0.00 1530.98 261.71 178.95 741.98 1099.00 1743.32 1861.36 560.91 1206.61 411.12 633.98 1272.71 65.52 1677.00 350.09 481.49 1043.66 970.18 802.22 293.39 385.12 1984.00
Tempos de Atraso (compacto): 0.00 297.98 297.98 297.98 297.98 297.98 297.98 297.98 297.98 297.98 297.98 297.98 297.98 297.98 297.98 297.98 297.98 297.98 297.98 297.98 297.98 297.98 0.00
Maior Tempo de Atraso (max delay): 297.98

+---------------------+----------------+------------------+
|   RESULTADO REFERENTE AO EXERCICIO 1 - ALTERNATIVA B   |
+----------------+--------------------+-------------------+
| PONTO DA ROTA  | HORA DE CHEGADA    | TEMPO DE ATRASO   |
+----------------+--------------------+-------------------+
|    (0, 13)     |        0.00        |       0.00        |
|    (1, 14)     |      1530.98       |      297.98       |
|    (2, 20)     |       261.71       |      297.98       |
|     (3, 2)     |       178.95       |      297.98       |
|    (4, 19)     |       741.98       |      297.98       |
|     (5, 9)     |      1099.00       |      297.98       |
|     (6, 7)     |      1743.32       |      297.98       |
|    (7, 22)     |      1861.36       |      297.98       |
|    (8, 11)     |       560.91       |      297.98       |
|    (9, 12)     |      1206.61       |      297.98       |
|    (10, 16)    |       411.12       |      297.98       |
|    (11, 4)     |       633.98       |      297.98       |
|    (12, 1)     |      1272.71       |      297.98       |
|    (13, 3)     |       65.52        |      297.98       |
|    (14, 6)     |      1677.00       |      297.98       |
|    (15, 21)    |       350.09       |      297.98       |
|    (16, 8)     |       481.49       |      297.98       |
|    (17, 5)     |      1043.66       |      297.98       |
|    (18, 17)    |       970.18       |      297.98       |
|    (19, 18)    |       802.22       |      297.98       |
|    (20, 15)    |       293.39       |      297.98       |
|    (21, 10)    |       385.12       |      297.98       |
+----------------+--------------------+-------------------+
